,Hour,SoC,Reward,BESS_P_MW,PV,Wind,GridCost,PV_Curtail,VoltageDev,SoC_Dist
0,0,0.5076705715060235,-0.19583017,0.02556857168674469,0.0,0.3,0.19583016723993296,0.0,0.0,0.0
1,1,0.5148910370469094,-0.19598995,0.02406821846961975,0.0,0.3,0.19598995667240615,0.0,0.0,0.0
2,2,0.5221389666199685,-0.29046464,0.024159765243530276,0.0,0.35,0.23024292004211588,0.0,0.007527716753351066,0.0
3,3,0.5300455653667451,-0.9109576,0.02635532915592194,0.0,0.4,0.26464579848806125,0.0,0.0807889701318929,0.0
4,4,0.5386704203486443,-1.7649732,0.028749516606330874,0.1,0.45,0.2893756458110204,0.0,0.18444969273987977,0.0
5,5,0.5481445333361626,-2.710446,0.03158037662506104,0.3,0.5,0.3044162612309549,0.0,0.3007537118788155,0.0
6,6,0.5584960451722146,-3.7231221,0.03450503945350647,0.5,0.55,0.31986216043634386,0.0,0.4254074998116676,0.0
7,7,0.5695892226696015,-4.8353825,0.03697725832462311,0.8,0.6,0.3257606360374723,0.0,0.5637027228878062,0.0
8,8,0.5812824952602388,-6.032858,0.03897757530212403,1.0,0.65,0.3422080965552823,0.0,0.7113312292925659,0.0
9,9,0.5934338337183,-6.5867715,0.04050446152687073,1.0,0.7,0.3578577497520996,0.0,0.7786142142158023,0.0
10,10,0.6058449861407282,-5.8988256,0.04137050807476044,0.9,0.7,0.3465359985023895,0.0,0.6940361962525545,0.0
11,11,0.6181093654036525,-4.034407,0.04088126420974732,0.7,0.65,0.3091077878362114,0.0,0.4656624169821424,0.0
12,12,0.6296918448805812,-2.9939723,0.03860826492309571,0.5,0.6,0.2934377334331657,0.0,0.3375668199517333,0.0
13,13,0.6407140833139422,-2.5768528,0.03674079477787018,0.3,0.55,0.2985307091389586,0.0,0.28479027213034247,0.0
14,14,0.6513664621114733,-3.2883074,0.035507929325103764,0.2,0.5,0.33455741591708943,0.0,0.369218760272386,0.0
15,15,0.6622955241799356,-5.3997664,0.03643020689487458,0.1,0.45,0.41236115994598777,0.0,0.6234256544702464,0.0
16,16,0.6740380805730821,-7.6555386,0.03914185464382172,0.0,0.4,0.49144206911657307,0.0,0.8955120744375129,0.0
17,17,0.686434653401375,-8.504253,0.04132190942764283,0.0,0.35,0.51834248491582,0.0,0.998238869415961,0.0
18,18,0.6990743863582612,-7.210465,0.04213244318962098,0.0,0.3,0.480627398834514,0.0,0.8412297079256492,0.0
19,19,0.7113256084918977,-4.434322,0.04083740711212158,0.0,0.3,0.39624990523873294,0.0,0.5047589946612719,0.0
20,20,0.7225689879059793,-2.6003392,0.03747793138027191,0.0,0.3,0.3347017713007574,0.0,0.2832046654769347,0.0
21,21,0.7329096519947054,-1.5281907,0.03446888029575348,0.0,0.3,0.29439435192472274,0.0,0.1542245443217679,0.0
22,22,0.7426057910919192,-0.64150435,0.03232046365737915,0.0,0.3,0.2544745699764519,0.0,0.04837871912448766,0.0
23,23,0.751638018190861,-0.21502356,0.030107423663139343,0.0,0.3,0.21502356560404223,0.0,0.0,0.0
